symbol,statement_type,period_end,line_item,value
GLAXO.NS,cashflow,2025-03-31 00:00:00,Free Cash Flow,12651900000.0
GLAXO.NS,cashflow,2025-03-31 00:00:00,Repayment Of Debt,
GLAXO.NS,cashflow,2025-03-31 00:00:00,Capital Expenditure,-247200000.0
GLAXO.NS,cashflow,2025-03-31 00:00:00,End Cash Position,5388500000.0
GLAXO.NS,cashflow,2025-03-31 00:00:00,Beginning Cash Position,641700000.0
GLAXO.NS,cashflow,2025-03-31 00:00:00,Changes In Cash,4746800000.0
GLAXO.NS,cashflow,2025-03-31 00:00:00,Financing Cash Flow,-7694200000.0
GLAXO.NS,cashflow,2025-03-31 00:00:00,Net Other Financing Charges,
GLAXO.NS,cashflow,2025-03-31 00:00:00,Interest Paid Cff,-13100000.0
GLAXO.NS,cashflow,2025-03-31 00:00:00,Cash Dividends Paid,-7493800000.0
GLAXO.NS,cashflow,2025-03-31 00:00:00,Common Stock Dividend Paid,-7493800000.0
GLAXO.NS,cashflow,2025-03-31 00:00:00,Net Issuance Payments Of Debt,
GLAXO.NS,cashflow,2025-03-31 00:00:00,Net Long Term Debt Issuance,
GLAXO.NS,cashflow,2025-03-31 00:00:00,Long Term Debt Payments,
GLAXO.NS,cashflow,2025-03-31 00:00:00,Investing Cash Flow,-458100000.0
GLAXO.NS,cashflow,2025-03-31 00:00:00,Net Other Investing Changes,-6600000.0
GLAXO.NS,cashflow,2025-03-31 00:00:00,Interest Received Cfi,1182900000.0
GLAXO.NS,cashflow,2025-03-31 00:00:00,Net Investment Purchase And Sale,-1444300000.0
GLAXO.NS,cashflow,2025-03-31 00:00:00,Sale Of Investment,52956000000.0
GLAXO.NS,cashflow,2025-03-31 00:00:00,Purchase Of Investment,-54400300000.0
GLAXO.NS,cashflow,2025-03-31 00:00:00,Net Investment Properties Purchase And Sale,
GLAXO.NS,cashflow,2025-03-31 00:00:00,Sale Of Investment Properties,
GLAXO.NS,cashflow,2025-03-31 00:00:00,Net Business Purchase And Sale,
GLAXO.NS,cashflow,2025-03-31 00:00:00,Sale Of Business,
GLAXO.NS,cashflow,2025-03-31 00:00:00,Net PPE Purchase And Sale,-190100000.0
GLAXO.NS,cashflow,2025-03-31 00:00:00,Sale Of PPE,57100000.0
GLAXO.NS,cashflow,2025-03-31 00:00:00,Purchase Of PPE,-247200000.0
GLAXO.NS,cashflow,2025-03-31 00:00:00,Capital Expenditure Reported,
GLAXO.NS,cashflow,2025-03-31 00:00:00,Operating Cash Flow,12899100000.0
GLAXO.NS,cashflow,2025-03-31 00:00:00,Taxes Refund Paid,-817100000.0
GLAXO.NS,cashflow,2025-03-31 00:00:00,Change In Working Capital,1848400000.0
GLAXO.NS,cashflow,2025-03-31 00:00:00,Change In Other Current Liabilities,573400000.0
GLAXO.NS,cashflow,2025-03-31 00:00:00,Change In Other Current Assets,590900000.0
GLAXO.NS,cashflow,2025-03-31 00:00:00,Change In Payable,769900000.0
GLAXO.NS,cashflow,2025-03-31 00:00:00,Change In Inventory,433100000.0
GLAXO.NS,cashflow,2025-03-31 00:00:00,Change In Receivables,-728700000.0
GLAXO.NS,cashflow,2025-03-31 00:00:00,Other Non Cash Items,-694400000.0
GLAXO.NS,cashflow,2025-03-31 00:00:00,Provisionand Write Offof Assets,23800000.0
GLAXO.NS,cashflow,2025-03-31 00:00:00,Deferred Tax,
GLAXO.NS,cashflow,2025-03-31 00:00:00,Depreciation And Amortization,667900000.0
GLAXO.NS,cashflow,2025-03-31 00:00:00,Amortization Cash Flow,
GLAXO.NS,cashflow,2025-03-31 00:00:00,Depreciation,667900000.0
GLAXO.NS,cashflow,2025-03-31 00:00:00,Gain Loss On Investment Securities,-696500000.0
GLAXO.NS,cashflow,2025-03-31 00:00:00,Gain Loss On Sale Of PPE,15100000.0
GLAXO.NS,cashflow,2025-03-31 00:00:00,Net Income From Continuing Operations,12551900000.0
GLAXO.NS,cashflow,2024-03-31 00:00:00,Free Cash Flow,5507800000.0
GLAXO.NS,cashflow,2024-03-31 00:00:00,Repayment Of Debt,
GLAXO.NS,cashflow,2024-03-31 00:00:00,Capital Expenditure,-312200000.0
GLAXO.NS,cashflow,2024-03-31 00:00:00,End Cash Position,641700000.0
GLAXO.NS,cashflow,2024-03-31 00:00:00,Beginning Cash Position,349400000.0
GLAXO.NS,cashflow,2024-03-31 00:00:00,Changes In Cash,292300000.0
GLAXO.NS,cashflow,2024-03-31 00:00:00,Financing Cash Flow,-5614900000.0
GLAXO.NS,cashflow,2024-03-31 00:00:00,Net Other Financing Charges,
GLAXO.NS,cashflow,2024-03-31 00:00:00,Interest Paid Cff,-17900000.0
GLAXO.NS,cashflow,2024-03-31 00:00:00,Cash Dividends Paid,-5415700000.0
GLAXO.NS,cashflow,2024-03-31 00:00:00,Common Stock Dividend Paid,-5415700000.0
GLAXO.NS,cashflow,2024-03-31 00:00:00,Net Issuance Payments Of Debt,
GLAXO.NS,cashflow,2024-03-31 00:00:00,Net Long Term Debt Issuance,
GLAXO.NS,cashflow,2024-03-31 00:00:00,Long Term Debt Payments,
GLAXO.NS,cashflow,2024-03-31 00:00:00,Investing Cash Flow,87200000.0
GLAXO.NS,cashflow,2024-03-31 00:00:00,Net Other Investing Changes,-22800000.0
GLAXO.NS,cashflow,2024-03-31 00:00:00,Interest Received Cfi,934300000.0
GLAXO.NS,cashflow,2024-03-31 00:00:00,Net Investment Purchase And Sale,-1453700000.0
GLAXO.NS,cashflow,2024-03-31 00:00:00,Sale Of Investment,56568600000.0
GLAXO.NS,cashflow,2024-03-31 00:00:00,Purchase Of Investment,-58022300000.0
GLAXO.NS,cashflow,2024-03-31 00:00:00,Net Investment Properties Purchase And Sale,196873000.0
GLAXO.NS,cashflow,2024-03-31 00:00:00,Sale Of Investment Properties,196873000.0
GLAXO.NS,cashflow,2024-03-31 00:00:00,Net Business Purchase And Sale,
GLAXO.NS,cashflow,2024-03-31 00:00:00,Sale Of Business,
GLAXO.NS,cashflow,2024-03-31 00:00:00,Net PPE Purchase And Sale,-70600000.0
GLAXO.NS,cashflow,2024-03-31 00:00:00,Sale Of PPE,241600000.0
GLAXO.NS,cashflow,2024-03-31 00:00:00,Purchase Of PPE,-312200000.0
GLAXO.NS,cashflow,2024-03-31 00:00:00,Capital Expenditure Reported,
GLAXO.NS,cashflow,2024-03-31 00:00:00,Operating Cash Flow,5820000000.0
GLAXO.NS,cashflow,2024-03-31 00:00:00,Taxes Refund Paid,-2303800000.0
GLAXO.NS,cashflow,2024-03-31 00:00:00,Change In Working Capital,610100000.0
GLAXO.NS,cashflow,2024-03-31 00:00:00,Change In Other Current Liabilities,152100000.0
GLAXO.NS,cashflow,2024-03-31 00:00:00,Change In Other Current Assets,-118000000.0
GLAXO.NS,cashflow,2024-03-31 00:00:00,Change In Payable,1901300000.0
GLAXO.NS,cashflow,2024-03-31 00:00:00,Change In Inventory,-650800000.0
GLAXO.NS,cashflow,2024-03-31 00:00:00,Change In Receivables,-302700000.0
GLAXO.NS,cashflow,2024-03-31 00:00:00,Other Non Cash Items,-657300000.0
GLAXO.NS,cashflow,2024-03-31 00:00:00,Provisionand Write Offof Assets,5900000.0
GLAXO.NS,cashflow,2024-03-31 00:00:00,Deferred Tax,
GLAXO.NS,cashflow,2024-03-31 00:00:00,Depreciation And Amortization,696800000.0
GLAXO.NS,cashflow,2024-03-31 00:00:00,Amortization Cash Flow,105370000.0
GLAXO.NS,cashflow,2024-03-31 00:00:00,Depreciation,696800000.0
GLAXO.NS,cashflow,2024-03-31 00:00:00,Gain Loss On Investment Securities,-487800000.0
GLAXO.NS,cashflow,2024-03-31 00:00:00,Gain Loss On Sale Of PPE,-8900000.0
GLAXO.NS,cashflow,2024-03-31 00:00:00,Net Income From Continuing Operations,9598000000.0
GLAXO.NS,cashflow,2023-03-31 00:00:00,Free Cash Flow,4401863000.0
GLAXO.NS,cashflow,2023-03-31 00:00:00,Repayment Of Debt,0.0
GLAXO.NS,cashflow,2023-03-31 00:00:00,Capital Expenditure,-440391000.0
GLAXO.NS,cashflow,2023-03-31 00:00:00,End Cash Position,349409000.0
GLAXO.NS,cashflow,2023-03-31 00:00:00,Beginning Cash Position,2861871000.0
GLAXO.NS,cashflow,2023-03-31 00:00:00,Changes In Cash,-2512462000.0
GLAXO.NS,cashflow,2023-03-31 00:00:00,Financing Cash Flow,-15433230000.0
GLAXO.NS,cashflow,2023-03-31 00:00:00,Net Other Financing Charges,4424000.0
GLAXO.NS,cashflow,2023-03-31 00:00:00,Interest Paid Cff,-13978000.0
GLAXO.NS,cashflow,2023-03-31 00:00:00,Cash Dividends Paid,-15254999000.0
GLAXO.NS,cashflow,2023-03-31 00:00:00,Common Stock Dividend Paid,-15254999000.0
GLAXO.NS,cashflow,2023-03-31 00:00:00,Net Issuance Payments Of Debt,0.0
GLAXO.NS,cashflow,2023-03-31 00:00:00,Net Long Term Debt Issuance,0.0
GLAXO.NS,cashflow,2023-03-31 00:00:00,Long Term Debt Payments,0.0
GLAXO.NS,cashflow,2023-03-31 00:00:00,Investing Cash Flow,8078514000.0
GLAXO.NS,cashflow,2023-03-31 00:00:00,Net Other Investing Changes,-2986099000.0
GLAXO.NS,cashflow,2023-03-31 00:00:00,Interest Received Cfi,629719000.0
GLAXO.NS,cashflow,2023-03-31 00:00:00,Net Investment Purchase And Sale,9562920000.0
GLAXO.NS,cashflow,2023-03-31 00:00:00,Sale Of Investment,62205846000.0
GLAXO.NS,cashflow,2023-03-31 00:00:00,Purchase Of Investment,-52642926000.0
GLAXO.NS,cashflow,2023-03-31 00:00:00,Net Investment Properties Purchase And Sale,97800000.0
GLAXO.NS,cashflow,2023-03-31 00:00:00,Sale Of Investment Properties,97800000.0
GLAXO.NS,cashflow,2023-03-31 00:00:00,Net Business Purchase And Sale,
GLAXO.NS,cashflow,2023-03-31 00:00:00,Sale Of Business,
GLAXO.NS,cashflow,2023-03-31 00:00:00,Net PPE Purchase And Sale,-425826000.0
GLAXO.NS,cashflow,2023-03-31 00:00:00,Sale Of PPE,14565000.0
GLAXO.NS,cashflow,2023-03-31 00:00:00,Purchase Of PPE,-440391000.0
GLAXO.NS,cashflow,2023-03-31 00:00:00,Capital Expenditure Reported,
GLAXO.NS,cashflow,2023-03-31 00:00:00,Operating Cash Flow,4842254000.0
GLAXO.NS,cashflow,2023-03-31 00:00:00,Taxes Refund Paid,-2624152000.0
GLAXO.NS,cashflow,2023-03-31 00:00:00,Change In Working Capital,-457456000.0
GLAXO.NS,cashflow,2023-03-31 00:00:00,Change In Other Current Liabilities,-252840000.0
GLAXO.NS,cashflow,2023-03-31 00:00:00,Change In Other Current Assets,-438119000.0
GLAXO.NS,cashflow,2023-03-31 00:00:00,Change In Payable,-1532150000.0
GLAXO.NS,cashflow,2023-03-31 00:00:00,Change In Inventory,747250000.0
GLAXO.NS,cashflow,2023-03-31 00:00:00,Change In Receivables,202283000.0
GLAXO.NS,cashflow,2023-03-31 00:00:00,Other Non Cash Items,-675990000.0
GLAXO.NS,cashflow,2023-03-31 00:00:00,Provisionand Write Offof Assets,-73644000.0
GLAXO.NS,cashflow,2023-03-31 00:00:00,Deferred Tax,
GLAXO.NS,cashflow,2023-03-31 00:00:00,Depreciation And Amortization,657672000.0
GLAXO.NS,cashflow,2023-03-31 00:00:00,Amortization Cash Flow,96942000.0
GLAXO.NS,cashflow,2023-03-31 00:00:00,Depreciation,657672000.0
GLAXO.NS,cashflow,2023-03-31 00:00:00,Gain Loss On Investment Securities,-307785000.0
GLAXO.NS,cashflow,2023-03-31 00:00:00,Gain Loss On Sale Of PPE,-278000.0
GLAXO.NS,cashflow,2023-03-31 00:00:00,Net Income From Continuing Operations,8414942000.0
GLAXO.NS,cashflow,2022-03-31 00:00:00,Free Cash Flow,7761068000.0
GLAXO.NS,cashflow,2022-03-31 00:00:00,Repayment Of Debt,-240000.0
GLAXO.NS,cashflow,2022-03-31 00:00:00,Capital Expenditure,-346410000.0
GLAXO.NS,cashflow,2022-03-31 00:00:00,End Cash Position,2861871000.0
GLAXO.NS,cashflow,2022-03-31 00:00:00,Beginning Cash Position,4051892000.0
GLAXO.NS,cashflow,2022-03-31 00:00:00,Changes In Cash,-1190021000.0
GLAXO.NS,cashflow,2022-03-31 00:00:00,Financing Cash Flow,-5242423000.0
GLAXO.NS,cashflow,2022-03-31 00:00:00,Net Other Financing Charges,
GLAXO.NS,cashflow,2022-03-31 00:00:00,Interest Paid Cff,-19898000.0
GLAXO.NS,cashflow,2022-03-31 00:00:00,Cash Dividends Paid,-5066350000.0
GLAXO.NS,cashflow,2022-03-31 00:00:00,Common Stock Dividend Paid,-5066350000.0
GLAXO.NS,cashflow,2022-03-31 00:00:00,Net Issuance Payments Of Debt,-240000.0
GLAXO.NS,cashflow,2022-03-31 00:00:00,Net Long Term Debt Issuance,-240000.0
GLAXO.NS,cashflow,2022-03-31 00:00:00,Long Term Debt Payments,-240000.0
GLAXO.NS,cashflow,2022-03-31 00:00:00,Investing Cash Flow,-4055076000.0
GLAXO.NS,cashflow,2022-03-31 00:00:00,Net Other Investing Changes,15540301000.0
GLAXO.NS,cashflow,2022-03-31 00:00:00,Interest Received Cfi,439588000.0
GLAXO.NS,cashflow,2022-03-31 00:00:00,Net Investment Purchase And Sale,-18123751000.0
GLAXO.NS,cashflow,2022-03-31 00:00:00,Sale Of Investment,12570000000.0
GLAXO.NS,cashflow,2022-03-31 00:00:00,Purchase Of Investment,-30693751000.0
GLAXO.NS,cashflow,2022-03-31 00:00:00,Net Investment Properties Purchase And Sale,323424000.0
GLAXO.NS,cashflow,2022-03-31 00:00:00,Sale Of Investment Properties,323424000.0
GLAXO.NS,cashflow,2022-03-31 00:00:00,Net Business Purchase And Sale,0.0
GLAXO.NS,cashflow,2022-03-31 00:00:00,Sale Of Business,0.0
GLAXO.NS,cashflow,2022-03-31 00:00:00,Net PPE Purchase And Sale,-334638000.0
GLAXO.NS,cashflow,2022-03-31 00:00:00,Sale Of PPE,11772000.0
GLAXO.NS,cashflow,2022-03-31 00:00:00,Purchase Of PPE,-346410000.0
GLAXO.NS,cashflow,2022-03-31 00:00:00,Capital Expenditure Reported,
GLAXO.NS,cashflow,2022-03-31 00:00:00,Operating Cash Flow,8107478000.0
GLAXO.NS,cashflow,2022-03-31 00:00:00,Taxes Refund Paid,-1122264000.0
GLAXO.NS,cashflow,2022-03-31 00:00:00,Change In Working Capital,1198718000.0
GLAXO.NS,cashflow,2022-03-31 00:00:00,Change In Other Current Liabilities,-597560000.0
GLAXO.NS,cashflow,2022-03-31 00:00:00,Change In Other Current Assets,-162349000.0
GLAXO.NS,cashflow,2022-03-31 00:00:00,Change In Payable,1023749000.0
GLAXO.NS,cashflow,2022-03-31 00:00:00,Change In Inventory,120027000.0
GLAXO.NS,cashflow,2022-03-31 00:00:00,Change In Receivables,102040000.0
GLAXO.NS,cashflow,2022-03-31 00:00:00,Other Non Cash Items,-17039093000.0
GLAXO.NS,cashflow,2022-03-31 00:00:00,Provisionand Write Offof Assets,1550000.0
GLAXO.NS,cashflow,2022-03-31 00:00:00,Deferred Tax,82826000.0
GLAXO.NS,cashflow,2022-03-31 00:00:00,Depreciation And Amortization,681860000.0
GLAXO.NS,cashflow,2022-03-31 00:00:00,Amortization Cash Flow,94696000.0
GLAXO.NS,cashflow,2022-03-31 00:00:00,Depreciation,587164000.0
GLAXO.NS,cashflow,2022-03-31 00:00:00,Gain Loss On Investment Securities,-5923000.0
GLAXO.NS,cashflow,2022-03-31 00:00:00,Gain Loss On Sale Of PPE,-3237000.0
GLAXO.NS,cashflow,2022-03-31 00:00:00,Net Income From Continuing Operations,24756481000.0
GLAXO.NS,cashflow,2021-03-31 00:00:00,Free Cash Flow,
GLAXO.NS,cashflow,2021-03-31 00:00:00,Repayment Of Debt,-1530000.0
GLAXO.NS,cashflow,2021-03-31 00:00:00,Capital Expenditure,
GLAXO.NS,cashflow,2021-03-31 00:00:00,End Cash Position,
GLAXO.NS,cashflow,2021-03-31 00:00:00,Beginning Cash Position,
GLAXO.NS,cashflow,2021-03-31 00:00:00,Changes In Cash,
GLAXO.NS,cashflow,2021-03-31 00:00:00,Financing Cash Flow,
GLAXO.NS,cashflow,2021-03-31 00:00:00,Net Other Financing Charges,
GLAXO.NS,cashflow,2021-03-31 00:00:00,Interest Paid Cff,
GLAXO.NS,cashflow,2021-03-31 00:00:00,Cash Dividends Paid,
GLAXO.NS,cashflow,2021-03-31 00:00:00,Common Stock Dividend Paid,
GLAXO.NS,cashflow,2021-03-31 00:00:00,Net Issuance Payments Of Debt,-1530000.0
GLAXO.NS,cashflow,2021-03-31 00:00:00,Net Long Term Debt Issuance,-1530000.0
GLAXO.NS,cashflow,2021-03-31 00:00:00,Long Term Debt Payments,-1530000.0
GLAXO.NS,cashflow,2021-03-31 00:00:00,Investing Cash Flow,
GLAXO.NS,cashflow,2021-03-31 00:00:00,Net Other Investing Changes,
GLAXO.NS,cashflow,2021-03-31 00:00:00,Interest Received Cfi,
GLAXO.NS,cashflow,2021-03-31 00:00:00,Net Investment Purchase And Sale,
GLAXO.NS,cashflow,2021-03-31 00:00:00,Sale Of Investment,
GLAXO.NS,cashflow,2021-03-31 00:00:00,Purchase Of Investment,
GLAXO.NS,cashflow,2021-03-31 00:00:00,Net Investment Properties Purchase And Sale,18409000.0
GLAXO.NS,cashflow,2021-03-31 00:00:00,Sale Of Investment Properties,18409000.0
GLAXO.NS,cashflow,2021-03-31 00:00:00,Net Business Purchase And Sale,1800000000.0
GLAXO.NS,cashflow,2021-03-31 00:00:00,Sale Of Business,1800000000.0
GLAXO.NS,cashflow,2021-03-31 00:00:00,Net PPE Purchase And Sale,
GLAXO.NS,cashflow,2021-03-31 00:00:00,Sale Of PPE,
GLAXO.NS,cashflow,2021-03-31 00:00:00,Purchase Of PPE,
GLAXO.NS,cashflow,2021-03-31 00:00:00,Capital Expenditure Reported,-442300000.0
GLAXO.NS,cashflow,2021-03-31 00:00:00,Operating Cash Flow,
GLAXO.NS,cashflow,2021-03-31 00:00:00,Taxes Refund Paid,
GLAXO.NS,cashflow,2021-03-31 00:00:00,Change In Working Capital,
GLAXO.NS,cashflow,2021-03-31 00:00:00,Change In Other Current Liabilities,
GLAXO.NS,cashflow,2021-03-31 00:00:00,Change In Other Current Assets,
GLAXO.NS,cashflow,2021-03-31 00:00:00,Change In Payable,
GLAXO.NS,cashflow,2021-03-31 00:00:00,Change In Inventory,
GLAXO.NS,cashflow,2021-03-31 00:00:00,Change In Receivables,
GLAXO.NS,cashflow,2021-03-31 00:00:00,Other Non Cash Items,
GLAXO.NS,cashflow,2021-03-31 00:00:00,Provisionand Write Offof Assets,
GLAXO.NS,cashflow,2021-03-31 00:00:00,Deferred Tax,93000.0
GLAXO.NS,cashflow,2021-03-31 00:00:00,Depreciation And Amortization,
GLAXO.NS,cashflow,2021-03-31 00:00:00,Amortization Cash Flow,
GLAXO.NS,cashflow,2021-03-31 00:00:00,Depreciation,
GLAXO.NS,cashflow,2021-03-31 00:00:00,Gain Loss On Investment Securities,
GLAXO.NS,cashflow,2021-03-31 00:00:00,Gain Loss On Sale Of PPE,
GLAXO.NS,cashflow,2021-03-31 00:00:00,Net Income From Continuing Operations,
